8c8
< MN908947.3	3822	T	-TG	9	2	52	6	0	20	0.461538	13	0.0169082	FALSE	NA	NA	NA	NA	NA
---
> MN908947.3	3822	T	-NN	9	2	52	6	0	20	0.461538	13	0.0169082	FALSE	NA	NA	NA	NA	NA
11c11
< MN908947.3	14853	T	-G	736	291	60	680	0	20	0.578231	1176	2.66724e-201	TRUE	NA	NA	NA	NA	NA
---
> MN908947.3	14853	T	-N	736	291	60	680	0	20	0.578231	1176	2.66724e-201	TRUE	NA	NA	NA	NA	NA
13c13
< MN908947.3	19745	T	-G	53	9	59	22	0	20	0.268293	82	1.5481e-08	TRUE	NA	NA	NA	NA	NA
---
> MN908947.3	19745	T	-N	53	9	59	22	0	20	0.268293	82	1.5481e-08	TRUE	NA	NA	NA	NA	NA
